      4 1
      2 2
      2 3
      4 4
      6 5
      8 6
      2 7
      2 8
     10 9
      8 10
      2 11
      2 12
      2 13
      2 14
      2 15
      2 17
      8 18
     10 19
      2 20
      2 21
      8 22
      2 23
      2 24
      6 25
      2 26
     10 27
      8 29
      8 30
      2 31
      2 32
      2 33
      2 34
      4 35
      4 36
      2 37
      4 39
      2 40
     10 41
      6 42
      6 43
      6 44
      2 46
      4 47
      4 48
      2 49
      2 50
      4 51
      4 52
      4 53
      6 54
      2 57
      2 58
      2 59
      4 60
      6 61
      2 62
      4 63
      2 64
      4 65
      6 66
      2 67
      4 68
     16 69
      2 70
      2 71
      6 72
      4 73
      4 74
      4 75
      8 77
      2 78
      6 80
      4 81
      6 82
      2 83
      4 84
      6 85
      6 87
      4 88
      8 89
     16 90
     10 91
      4 92
      8 93
      6 94
      2 95
      2 96
      4 97
      4 98
      2 99
      6 100
      6 101
      4 102
      4 104
      4 105
      8 106
      2 107
     10 108
      4 109
      2 110
      4 111
      8 112
      6 113
      6 114
      6 115
      6 117
      4 118
      2 119
     14 120
      4 121
      2 122
      4 123
      2 124
      2 125
      8 126
      6 127
      4 128
      4 129
      4 131
      6 132
      2 133
      4 135
      2 136
      4 137
      4 138
      6 139
      4 140
      4 141
      4 142
      2 143
      2 144
      4 145
      6 146
      2 147
     10 148
      4 149
      6 150
      2 151
      8 152
      2 153
     10 154
      4 155
      4 157
      2 158
      6 159
      6 161
      2 164
      8 165
      6 166
      6 167
      2 168
      4 169
      4 170
      2 171
      6 173
      4 174
      6 175
      2 176
     14 177
      4 178
      4 179
      2 180
      6 183
     10 184
      4 185
      2 186
      2 187
      2 188
      4 189
      2 190
      4 191
      4 192
      4 193
      2 195
      4 196
      2 197
      2 198
      4 199
      2 200
      4 201
      2 203
      4 204
      2 206
      4 207
      2 208
      4 209
      4 211
      8 212
      6 213
      4 214
      2 215
      4 216
      4 217
      6 218
      8 219
      2 220
      2 222
      2 224
      2 225
      8 226
      8 227
      2 228
      6 229
      4 230
      2 232
     10 233
      4 234
      2 235
      8 237
      4 238
      2 239
      4 241
      8 242
      8 243
      8 244
      2 245
      4 246
      8 247
      4 248
      2 249
      4 250
      8 251
      2 252
      4 253
      2 254
      6 255
      2 256
      4 257
     10 259
      2 260
      2 261
      8 262
      2 264
      8 265
      8 266
      2 267
      2 269
      2 271
      4 272
      8 274
      8 275
      4 277
      8 278
      4 279
      2 280
      8 281
      2 282
      2 283
      4 284
      8 285
      4 286
      2 287
      4 288
      4 289
      2 290
      4 291
      2 292
      4 293
      4 294
      4 295
      2 296
      8 297
     14 298
      4 299
      2 300
     14 301
      4 302
      2 303
      4 304
      8 306
      2 307
      2 308
      4 309
      6 310
      8 311
      6 312
      4 313
      2 314
     12 315
      8 316
      2 317
      4 318
      6 319
      4 321
      2 322
      2 323
      2 324
      2 325
      2 326
      8 329
      2 330
      6 331
      4 332
      6 333
      6 334
      8 335
      2 336
      2 337
      2 339
      2 342
      2 343
      8 344
     10 345
     10 347
      4 349
      6 350
      4 351
      2 352
     10 353
     12 354
      4 355
      6 356
      6 357
      6 358
      4 359
      4 360
      8 361
      4 363
      4 364
      2 365
      6 366
      2 367
      6 368
      2 370
      2 372
      6 373
      4 374
      2 375
      2 376
      6 377
      4 378
      2 379
      6 380
      2 381
      2 382
      4 383
      8 384
      2 385
      4 386
      2 387
      8 388
      2 389
      2 391
      6 392
      4 393
      2 396
      6 397
      6 399
      6 400
      4 402
      4 403
      4 404
      2 405
      4 406
      8 407
      2 408
      6 409
      4 410
      2 412
      4 413
      4 415
      4 416
      4 417
      4 418
      8 420
     12 422
      2 423
      2 424
      4 425
      2 426
      2 427
     10 429
      4 431
      2 432
     10 433
      6 434
      6 435
      2 436
      6 437
      8 438
      4 439
      4 440
      6 441
      2 442
      2 443
      6 444
      4 445
      2 446
      8 447
      4 448
      6 449
      8 451
      2 452
      6 453
      4 454
      2 455
      2 456
      4 457
      2 458
      2 459
      4 460
      6 462
      2 463
      4 465
     10 467
      4 469
      2 470
     10 471
      2 472
      6 473
      2 474
      6 475
      4 476
      6 477
      4 478
      4 479
      2 480
      2 481
      6 482
      6 483
      8 484
      6 485
      4 486
      8 487
      4 489
      6 490
      2 491
      4 492
      6 493
      2 495
      4 496
      2 498
      8 499
      4 500
      4 502
      4 503
      2 504
      6 505
      2 506
      2 507
      4 508
      6 509
      4 510
      8 511
      6 512
      2 513
     10 514
      8 515
      2 516
      2 517
     10 518
     12 519
      4 520
      4 522
      4 523
      4 524
      2 525
      6 526
      4 527
      8 528
      6 530
     10 531
     10 532
      4 533
      4 534
      6 535
      2 536
     10 537
      2 538
      6 539
      4 540
      4 541
      6 542
      2 543
      8 544
      2 545
      2 546
      2 547
      4 548
      6 549
      2 550
      2 551
      2 552
      6 553
      4 554
      2 555
      4 556
      4 557
      6 558
      6 559
      4 560
      2 561
      2 562
      2 563
      6 564
      2 565
      4 566
     12 568
      8 569
      4 570
      6 571
      2 572
      4 573
      2 574
      2 575
     10 578
      2 579
      2 580
      4 581
      6 582
      2 583
      4 584
      2 586
      2 587
      4 588
      4 590
      4 591
      8 592
      2 593
      2 594
      2 596
      2 597
      2 598
      4 599
      2 600
      6 601
      6 602
      6 603
      4 604
      8 605
      2 606
      2 607
      4 608
      2 609
      2 610
      2 611
      8 612
      6 613
      6 614
      8 615
      4 616
      4 617
      6 618
      4 619
      4 620
      8 621
      4 622
      6 623
      4 624
      4 625
      4 626
      6 627
      4 628
      4 630
      2 632
      4 633
      2 634
      4 635
      2 637
      4 638
      4 639
      2 640
      4 641
      4 642
      2 643
      6 644
     10 646
      2 647
      4 651
      8 652
      4 653
      2 654
      2 655
      4 657
      4 658
      2 659
      2 661
     12 662
      2 663
      4 664
      4 666
      4 668
      2 669
      2 670
     10 671
      2 672
     14 673
      6 674
      6 675
      2 676
      2 677
      2 678
      2 679
      4 680
      4 681
      2 683
      4 684
      8 685
      6 686
      8 687
      4 688
      8 689
      6 690
      4 691
      4 692
      4 693
      4 694
      2 695
      6 696
      4 697
      2 698
      2 699
      4 700
      6 701
      2 702
      4 703
     10 704
     14 705
      2 706
      2 707
      4 708
      2 710
      2 711
      4 712
      2 713
     16 715
      2 716
      2 717
      4 719
      2 720
      2 721
      4 722
      8 723
      6 724
      4 725
      2 726
     10 729
      8 730
      6 731
      6 733
      2 734
      2 735
      6 736
      2 737
      2 738
      4 739
      8 740
      2 741
      4 742
      4 743
      2 744
      2 745
      8 746
     10 747
      2 748
      4 749
     14 750
      2 751
      6 752
      2 753
      4 754
      8 755
      6 756
      4 757
      4 758
      8 759
      6 760
      2 761
     10 763
      4 764
      4 765
      6 766
      4 767
      8 768
      2 770
      4 771
      2 773
      2 774
      6 775
      2 776
      2 777
     12 778
      2 779
      2 780
      4 781
     12 782
      6 783
      2 784
     10 785
      6 787
     10 788
      4 789
      2 792
      6 793
      4 794
      2 795
     14 796
      6 797
      6 799
      4 800
      6 801
      6 802
      8 803
      4 804
      2 805
      4 806
      4 807
      2 808
      4 809
      4 810
      2 811
      4 813
      8 814
      4 815
      2 816
      4 817
      2 818
      4 819
      4 820
      4 821
      2 822
      2 823
      4 825
      2 826
      4 828
      4 829
      2 830
      6 831
      8 832
      6 833
      4 834
      4 835
      2 836
      6 837
      6 838
      4 840
      4 841
      2 842
      8 843
      4 845
      4 846
      4 847
      2 848
      4 852
      2 853
      6 854
     10 855
      6 856
      4 857
      2 858
      6 859
      4 860
      8 861
      2 863
      6 865
      2 867
      6 868
      4 870
      2 871
      6 872
      2 873
      2 875
      6 876
     10 878
      2 880
      2 881
      6 882
      8 883
      4 886
      4 887
      2 888
      2 889
      4 890
      2 891
      4 892
      6 893
      6 894
      2 895
      6 896
      6 899
      6 900
      6 901
      4 902
      4 903
      8 904
     10 905
      2 906
      2 907
      8 908
      4 909
      4 910
      2 911
      4 912
      4 913
      6 914
      4 916
      6 917
      4 918
      4 919
      6 920
      6 921
      6 922
      4 923
      4 924
      2 926
      2 927
      2 928
      2 929
      8 930
      4 932
      6 933
      6 934
      4 935
      6 936
      4 937
      2 938
      4 940
      2 941
      4 942
      6 943
      4 944
      6 945
      8 946
      4 947
      2 948
      8 951
      8 952
      4 953
      4 954
     10 955
      4 956
     10 957
      4 958
      6 959
      8 960
      2 961
      6 962
      4 963
      8 964
      6 965
      2 966
      6 967
      2 968
      4 969
      6 970
      4 971
     10 972
      2 973
      2 974
     12 975
      2 976
      4 977
      8 978
     12 979
      4 980
      8 981
     10 983
      6 985
      6 986
      2 987
      8 988
      2 989
     10 990
      2 991
      4 992
      2 993
      2 994
      6 995
      2 996
      2 997
      6 999
      6 1000
