822
747
535
543
42
820
353
689
623
715
18
101
154
999
610
633
377
483
662
598
729
544
377
22
351
476
568
126
291
302
306
712
571
226
642
93
255
114
778
997
759
993
237
887
612
367
43
95
43
306
578
209
743
463
408
248
420
92
451
843
329
366
106
787
72
281
799
87
860
914
272
339
980
471
523
53
298
150
112
61
941
756
403
932
315
668
435
278
619
301
902
966
746
528
671
933
642
806
644
782
943
872
454
626
831
729
127
120
9
961
407
602
356
558
359
9
514
437
658
715
142
355
983
833
80
82
345
904
975
10
422
1000
77
220
152
702
995
735
518
963
855
630
141
363
528
569
834
981
117
693
183
302
685
226
301
360
549
75
930
685
462
152
908
740
473
754
975
860
635
736
829
173
809
44
896
778
496
838
256
603
635
701
100
190
524
183
310
361
988
433
191
531
801
700
332
242
923
740
10
651
165
734
838
578
63
785
518
250
826
946
868
484
622
785
101
218
922
20
964
923
568
216
900
364
686
946
69
169
275
583
944
196
262
955
590
694
6
1000
627
183
943
359
354
688
139
569
901
364
447
690
286
676
652
671
457
288
412
83
522
712
580
106
977
626
664
803
68
972
186
108
983
335
579
535
674
755
234
744
814
331
9
413
788
500
5
471
957
794
870
835
152
397
863
467
766
832
255
37
243
739
185
855
151
945
354
404
27
61
901
469
900
964
347
710
846
119
69
176
316
956
108
472
691
387
723
651
69
422
434
578
278
688
670
832
392
345
489
332
121
73
930
796
730
970
484
752
653
592
120
867
69
905
187
115
704
505
930
707
310
422
420
518
418
906
763
980
787
386
571
311
295
746
916
203
64
94
318
979
30
708
39
492
731
534
793
407
526
214
506
842
715
641
981
658
458
515
440
515
121
460
218
252
454
193
952
350
384
829
861
399
701
986
756
166
774
285
93
602
785
544
593
979
227
257
602
535
921
952
267
486
896
821
31
531
406
482
139
246
766
422
957
41
833
109
760
568
167
69
71
797
106
324
227
733
409
756
933
845
137
601
204
578
539
895
109
857
739
275
899
680
139
800
533
965
922
444
115
888
900
402
459
356
560
177
612
358
821
467
382
166
292
449
918
482
759
438
854
27
448
705
311
60
297
146
556
951
960
514
120
783
912
623
792
29
607
795
326
100
872
137
400
599
616
646
443
578
415
996
661
706
19
765
922
380
886
146
768
152
100
438
235
592
493
30
66
216
703
548
542
573
335
782
615
433
694
913
14
35
581
750
825
372
113
285
91
987
778
277
354
361
904
233
184
782
330
749
859
347
657
82
965
640
755
9
793
561
715
978
883
654
750
967
93
861
132
41
813
662
515
429
673
251
763
519
467
713
618
445
704
244
357
110
91
894
402
796
893
366
807
907
532
474
154
429
354
316
243
777
389
972
621
165
51
39
4
9
686
47
592
979
778
945
553
519
218
905
831
65
23
69
975
603
388
492
560
687
344
309
196
375
207
155
184
358
48
226
279
357
782
487
475
903
910
245
796
773
832
127
698
564
557
527
692
899
175
689
787
797
569
621
431
745
662
380
743
717
290
262
178
511
750
747
513
785
719
434
972
413
368
298
444
566
90
200
224
841
410
296
19
2
477
308
618
77
701
601
98
303
954
150
169
420
687
271
129
934
883
800
624
29
778
213
471
614
617
746
960
957
241
431
353
5
90
54
979
4
566
115
562
981
960
942
975
526
788
896
722
174
448
814
129
584
557
11
856
265
758
519
204
757
788
344
695
716
298
975
909
42
775
177
266
347
511
465
251
446
518
442
118
553
673
1
104
618
612
433
615
526
613
52
262
81
668
111
278
483
721
731
185
835
484
500
882
90
697
319
611
266
758
748
559
558
930
237
788
455
155
105
638
947
685
902
388
988
539
933
126
764
690
799
105
80
88
831
952
715
531
652
354
358
946
977
418
696
377
767
674
568
148
312
932
212
847
919
298
517
393
17
724
803
166
184
958
929
331
175
609
671
959
33
887
167
233
855
425
571
911
26
467
8
209
114
365
979
502
376
315
456
478
213
910
94
158
161
802
18
445
94
287
549
191
242
534
705
837
764
514
471
840
970
360
878
254
244
97
975
738
733
10
945
120
525
145
429
537
646
246
409
967
73
520
451
154
920
462
854
192
25
909
836
989
512
299
388
177
542
449
165
47
809
917
171
138
994
68
433
274
752
405
564
285
278
321
90
164
253
755
802
940
149
693
294
345
918
652
90
905
699
518
239
335
883
558
295
969
606
559
697
797
247
195
441
608
12
347
951
374
834
861
467
179
59
199
311
503
548
886
77
813
314
530
259
477
759
230
677
266
823
590
917
452
244
69
284
796
385
981
883
908
453
992
532
782
605
807
746
350
674
157
232
725
565
936
373
789
178
441
604
120
675
588
392
919
368
478
722
775
5
469
903
345
908
814
963
241
142
643
154
784
843
573
953
740
123
269
967
871
345
133
544
435
92
705
859
62
882
539
493
120
815
131
750
61
509
310
644
161
591
91
720
905
347
77
301
260
754
876
433
960
380
990
437
227
475
988
154
749
325
429
971
146
457
659
719
547
614
524
569
983
177
917
771
587
868
313
537
803
581
149
616
899
177
199
357
3
436
140
334
916
825
383
763
808
680
892
188
81
828
672
686
393
289
855
184
705
736
379
259
630
796
93
337
811
801
145
193
663
803
687
586
281
599
969
41
954
978
891
724
112
804
726
696
540
782
126
262
201
438
582
416
293
755
90
279
845
990
490
990
768
420
159
819
801
540
632
991
356
485
971
72
955
13
637
785
370
878
750
336
319
673
999
407
96
921
434
815
621
91
354
873
297
878
841
44
449
177
353
837
112
212
530
723
487
113
333
953
294
673
865
747
763
352
300
936
781
293
760
859
490
620
41
386
622
211
274
901
264
499
306
85
447
523
673
715
768
934
889
243
111
810
122
985
507
229
233
986
683
397
512
681
584
880
757
639
227
532
780
378
298
34
253
319
132
937
275
615
646
817
261
662
36
638
750
125
962
924
653
484
333
247
730
329
277
958
729
237
856
409
108
689
157
514
27
511
783
85
519
505
283
861
128
6
691
19
299
102
229
233
541
628
106
819
876
625
148
381
42
438
983
878
662
972
247
816
770
184
633
400
219
432
639
617
978
25
627
321
750
284
114
422
594
740
213
612
440
508
752
495
397
124
990
140
621
537
962
285
912
956
882
451
30
837
112
168
673
259
148
242
416
955
481
875
927
817
237
234
715
104
451
349
266
959
542
976
265
487
559
730
135
946
857
344
881
425
19
904
211
597
52
148
51
519
486
1
427
249
280
27
54
793
201
286
830
646
913
312
541
165
715
58
771
361
498
132
361
189
893
485
118
400
730
944
528
804
536
962
27
591
564
48
334
212
520
690
678
491
843
512
641
304
175
555
499
91
289
36
192
904
315
533
444
968
978
708
180
447
441
685
6
226
516
833
934
508
75
689
601
549
619
742
384
490
938
322
806
868
605
625
852
70
972
723
66
407
788
775
487
892
600
167
6
170
342
700
198
853
275
465
973
893
247
259
316
480
537
228
620
18
212
724
10
499
613
605
979
531
671
646
117
85
84
846
596
655
7
545
99
779
575
233
219
551
460
399
703
19
462
197
603
848
363
25
316
274
572
623
737
854
217
373
995
684
943
605
272
741
858
475
840
742
608
614
410
126
32
662
24
301
304
959
471
511
747
15
504
531
89
312
40
666
974
43
297
422
789
983
515
344
768
217
872
936
174
333
74
78
509
120
30
704
257
54
215
951
248
705
988
530
995
225
426
820
766
238
514
592
657
832
878
383
935
298
219
329
890
957
679
87
652
671
493
582
301
684
763
101
527
90
107
80
208
937
986
570
159
335
725
329
928
509
870
843
920
131
403
22
417
556
301
67
781
161
802
21
297
315
313
767
219
90
147
127
453
473
479
22
291
179
378
604
856
704
537
588
814
173
965
615
753
924
281
207
102
947
563
510
955
503
985
50
675
66
453
150
731
921
794
876
87
89
108
309
170
505
664
415
711
550
144
143
317
613
123
908
351
553
274
301
138
570
424
84
985
391
222
229
751
159
41
189
992
1000
69
439
704
894
736
447
942
89
483
128
177
783
855
796
759
214
810
955
173
288
97
905
776
627
705
437
53
353
366
49
108
396
355
644
894
920
230
926
46
890
761
729
89
568
510
705
948
532
673
796
435
251
439
44
406
60
117
29
22
538
852
388
847
957
765
485
805
519
552
135
306
35
417
265
404
865
311
687
423
243
479
374
696
343
473
349
528
153
990
331
298
634
250
778
935
733
384
82
141
692
999
18
568
255
74
315
838
799
399
499
373
259
496
554
681
964
574
470
964
628
315
723
384
532
29
477
522
57
914
482
238
729
669
368
914
747
242
63
675
206
265
282
350
502
865
476
98
582
353
88
429
760
666
952
251
72
554
970
334
546
647
828
136
281
392
624
318
323
818
489
940
307
244
113
65
544
951
148
