218
252
454
193
952
350
384
829
861
399
701
986
756
166
774
285
93
602
785
544
593
979
227
257
602
535
921
952
267
486
896
821
31
531
406
482
139
246
766
422
957
41
833
109
760
568
167
69
71
797
106
324
227
733
409
756
933
845
137
601
204
578
539
895
109
857
739
275
899
680
139
800
533
965
922
444
115
888
900
402
459
356
560
177
612
358
821
467
382
166
292
449
918
482
759
438
854
27
448
705
311
60
297
146
556
951
960
514
120
783
912
623
792
29
607
795
326
100
872
137
400
599
616
646
443
578
415
996
661
706
19
765
922
380
886
146
768
152
100
438
235
592
493
30
66
216
703
548
542
573
335
782
615
433
694
913
14
35
581
750
825
372
113
285
91
987
778
277
354
361
904
233
184
782
330
749
859
347
657
82
965
640
755
9
793
561
715
978
883
654
750
967
93
861
132
41
813
662
515
429
