317
613
123
908
351
553
274
301
138
570
424
84
985
391
222
229
751
159
41
189
992
1000
69
439
704
894
736
447
942
89
483
128
177
783
855
796
759
214
810
955
173
288
97
905
776
627
705
437
53
353
366
49
108
396
355
644
894
920
230
926
46
890
761
729
89
568
510
705
948
532
673
796
435
251
439
44
406
60
117
29
22
538
852
388
847
957
765
485
805
519
552
135
306
35
417
265
404
865
311
687
423
243
479
374
696
343
473
349
528
153
990
331
298
634
250
778
935
733
384
82
141
692
999
18
568
255
74
315
838
799
399
499
373
259
496
554
681
964
574
470
964
628
315
723
384
532
29
477
522
57
914
482
238
729
669
368
914
747
242
63
675
206
265
282
350
502
865
476
98
582
353
88
429
760
666
952
251
72
554
970
334
546
647
828
136
281
392
624
318
323
818
489
940
307
244
113
65
544
951
148
