335
883
558
295
969
606
559
697
797
247
195
441
608
12
347
951
374
834
861
467
179
59
199
311
503
548
886
77
813
314
530
259
477
759
230
677
266
823
590
917
452
244
69
284
796
385
981
883
908
453
992
532
782
605
807
746
350
674
157
232
725
565
936
373
789
178
441
604
120
675
588
392
919
368
478
722
775
5
469
903
345
908
814
963
241
142
643
154
784
843
573
953
740
123
269
967
871
345
133
544
435
92
705
859
62
882
539
493
120
815
131
750
61
509
310
644
161
591
91
720
905
347
77
301
260
754
876
433
960
380
990
437
227
475
988
154
749
325
429
971
146
457
659
719
547
614
524
569
983
177
917
771
587
868
313
537
803
581
149
616
899
177
199
357
3
436
140
334
916
825
383
763
808
680
892
188
81
828
672
686
393
289
855
184
705
736
379
259
630
796
93
337
811
801
145
193
663
803
687
586
