84
846
596
655
7
545
99
779
575
233
219
551
460
399
703
19
462
197
603
848
363
25
316
274
572
623
737
854
217
373
995
684
943
605
272
741
858
475
840
742
608
614
410
126
32
662
24
301
304
959
471
511
747
15
504
531
89
312
40
666
974
43
297
422
789
983
515
344
768
217
872
936
174
333
74
78
509
120
30
704
257
54
215
951
248
705
988
530
995
225
426
820
766
238
514
592
657
832
878
383
935
298
219
329
890
957
679
87
652
671
493
582
301
684
763
101
527
90
107
80
208
937
986
570
159
335
725
329
928
509
870
843
920
131
403
22
417
556
301
67
781
161
802
21
297
315
313
767
219
90
147
127
453
473
479
22
291
179
378
604
856
704
537
588
814
173
965
615
753
924
281
207
102
947
563
510
955
503
985
50
675
66
453
150
731
921
794
876
87
89
108
309
170
505
664
415
711
550
144
143
