165
734
838
578
63
785
518
250
826
946
868
484
622
785
101
218
922
20
964
923
568
216
900
364
686
946
69
169
275
583
944
196
262
955
590
694
6
1000
627
183
943
359
354
688
139
569
901
364
447
690
286
676
652
671
457
288
412
83
522
712
580
106
977
626
664
803
68
972
186
108
983
335
579
535
674
755
234
744
814
331
9
413
788
500
5
471
957
794
870
835
152
397
863
467
766
832
255
37
243
739
185
855
151
945
354
404
27
61
901
469
900
964
347
710
846
119
69
176
316
956
108
472
691
387
723
651
69
422
434
578
278
688
670
832
392
345
489
332
121
73
930
796
730
970
484
752
653
592
120
867
69
905
187
115
704
505
930
707
310
422
420
518
418
906
763
980
787
386
571
311
295
746
916
203
64
94
318
979
30
708
39
492
731
534
793
407
526
214
506
842
715
641
981
658
458
515
440
515
121
460
