281
599
969
41
954
978
891
724
112
804
726
696
540
782
126
262
201
438
582
416
293
755
90
279
845
990
490
990
768
420
159
819
801
540
632
991
356
485
971
72
955
13
637
785
370
878
750
336
319
673
999
407
96
921
434
815
621
91
354
873
297
878
841
44
449
177
353
837
112
212
530
723
487
113
333
953
294
673
865
747
763
352
300
936
781
293
760
859
490
620
41
386
622
211
274
901
264
499
306
85
447
523
673
715
768
934
889
243
111
810
122
985
507
229
233
986
683
397
512
681
584
880
757
639
227
532
780
378
298
34
253
319
132
937
275
615
646
817
261
662
36
638
750
125
962
924
653
484
333
247
730
329
277
958
729
237
856
409
108
689
157
514
27
511
783
85
519
505
283
861
128
6
691
19
299
102
229
233
541
628
106
819
876
625
148
381
42
438
983
878
662
972
247
816
770
184
633
400
219
432
