673
251
763
519
467
713
618
445
704
244
357
110
91
894
402
796
893
366
807
907
532
474
154
429
354
316
243
777
389
972
621
165
51
39
4
9
686
47
592
979
778
945
553
519
218
905
831
65
23
69
975
603
388
492
560
687
344
309
196
375
207
155
184
358
48
226
279
357
782
487
475
903
910
245
796
773
832
127
698
564
557
527
692
899
175
689
787
797
569
621
431
745
662
380
743
717
290
262
178
511
750
747
513
785
719
434
972
413
368
298
444
566
90
200
224
841
410
296
19
2
477
308
618
77
701
601
98
303
954
150
169
420
687
271
129
934
883
800
624
29
778
213
471
614
617
746
960
957
241
431
353
5
90
54
979
4
566
115
562
981
960
942
975
526
788
896
722
174
448
814
129
584
557
11
856
265
758
519
204
757
788
344
695
716
298
975
909
42
775
177
266
347
511
465
251
446
518
442
118
553
