822
747
535
543
42
820
353
689
623
715
18
101
154
999
610
633
377
483
662
598
729
544
377
22
351
476
568
126
291
302
306
712
571
226
642
93
255
114
778
997
759
993
237
887
612
367
43
95
43
306
578
209
743
463
408
248
420
92
451
843
329
366
106
787
72
281
799
87
860
914
272
339
980
471
523
53
298
150
112
61
941
756
403
932
315
668
435
278
619
301
902
966
746
528
671
933
642
806
644
782
943
872
454
626
831
729
127
120
9
961
407
602
356
558
359
9
514
437
658
715
142
355
983
833
80
82
345
904
975
10
422
1000
77
220
152
702
995
735
518
963
855
630
141
363
528
569
834
981
117
693
183
302
685
226
301
360
549
75
930
685
462
152
908
740
473
754
975
860
635
736
829
173
809
44
896
778
496
838
256
603
635
701
100
190
524
183
310
361
988
433
191
531
801
700
332
242
923
740
10
651
