639
617
978
25
627
321
750
284
114
422
594
740
213
612
440
508
752
495
397
124
990
140
621
537
962
285
912
956
882
451
30
837
112
168
673
259
148
242
416
955
481
875
927
817
237
234
715
104
451
349
266
959
542
976
265
487
559
730
135
946
857
344
881
425
19
904
211
597
52
148
51
519
486
1
427
249
280
27
54
793
201
286
830
646
913
312
541
165
715
58
771
361
498
132
361
189
893
485
118
400
730
944
528
804
536
962
27
591
564
48
334
212
520
690
678
491
843
512
641
304
175
555
499
91
289
36
192
904
315
533
444
968
978
708
180
447
441
685
6
226
516
833
934
508
75
689
601
549
619
742
384
490
938
322
806
868
605
625
852
70
972
723
66
407
788
775
487
892
600
167
6
170
342
700
198
853
275
465
973
893
247
259
316
480
537
228
620
18
212
724
10
499
613
605
979
531
671
646
117
85
