673
1
104
618
612
433
615
526
613
52
262
81
668
111
278
483
721
731
185
835
484
500
882
90
697
319
611
266
758
748
559
558
930
237
788
455
155
105
638
947
685
902
388
988
539
933
126
764
690
799
105
80
88
831
952
715
531
652
354
358
946
977
418
696
377
767
674
568
148
312
932
212
847
919
298
517
393
17
724
803
166
184
958
929
331
175
609
671
959
33
887
167
233
855
425
571
911
26
467
8
209
114
365
979
502
376
315
456
478
213
910
94
158
161
802
18
445
94
287
549
191
242
534
705
837
764
514
471
840
970
360
878
254
244
97
975
738
733
10
945
120
525
145
429
537
646
246
409
967
73
520
451
154
920
462
854
192
25
909
836
989
512
299
388
177
542
449
165
47
809
917
171
138
994
68
433
274
752
405
564
285
278
321
90
164
253
755
802
940
149
693
294
345
918
652
90
905
699
518
239
